2500
2.e-10
250
0
1.24
1.2
1.2
1.12
1.2
1.12
1.2
1.12
1.08
1.08
1.04
1.04
1
1.04
1.04
1.04
1
1
.96
.96
1.04
.96
.96
.96
.92
.88
.92
.84
.88
.84
.92
.88
.84
.84
.88
.84
.84
.76
.8
.8
.8
.76
.76
.76
.8
.76
.68
.8
.76
.76
.72
.68
.68
.72
.68
.64
.68
.68
.64
.64
.6
.64
.6
.6
.64
.56
.56
.52
.56
.52
.56
.52
.48
.48
.52
.48
.44
.52
.48
.48
.48
.4
.44
.4
.44
.4
.4
.4
.36
.4
.4
.4
.36
.4
.32
.36
.36
.32
.36
.36
.36
.32
.36
.32
.36
.36
.32
.4
.28
.32
.32
.28
.28
.36
.32
.32
.32
.28
.24
.24
.24
.24
.32
.24
.28
.24
.28
.24
.24
.2
.28
.2
.2
.24
.28
.24
.24
.2
.28
.2
.2
.24
.24
.2
.16
.2
.2
.2
.2
.2
.16
.16
.2
.2
.08
.12
.2
.16
.12
.16
.16
.16
.24
.12
.12
.2
.12
.16
.12
.16
.16
.12
.16
.16
.16
.16
.16
.2
.16
.16
.16
.2
.2
.2
.16
.12
.16
.2
.2
.2
.2
.2
.16
.2
.2
.24
.2
.24
.2
.2
.24
.32
.28
.32
.24
.32
.24
.28
.28
.32
.28
.32
.4
.36
.4
.4
.44
.52
.4
.44
.48
.44
.48
.48
.56
.64
.52
.6
.6
.6
.64
.68
.68
.68
.68
.76
.76
.84
.8
.88
.8
.88
.88
.84
.88
.96
.96
.92
1
1.04
1.04
1.04
1.04
1.12
1.08
1.16
1.16
1.12
1.2
1.16
1.2
1.28
1.24
1.28
1.24
1.28
1.28
1.32
1.36
1.36
1.32
1.36
1.36
1.4
1.36
1.44
1.44
1.44
1.44
1.48
1.48
1.48
1.52
1.52
1.52
1.56
1.56
1.6
1.56
1.6
1.6
1.6
1.64
1.64
1.64
1.64
1.68
1.64
1.68
1.68
1.72
1.72
1.72
1.72
1.72
1.76
1.72
1.84
1.72
1.76
1.84
1.8
1.84
1.84
1.84
1.8
1.84
1.88
1.88
1.84
1.88
1.84
1.88
1.88
1.96
1.96
1.96
1.92
1.96
1.92
1.92
1.92
1.92
1.96
1.96
1.96
2.04
2
1.96
2
2
2.04
2
2
2
2.04
2.04
2.04
2.12
2.08
2.08
2.08
2.08
2.08
2.08
2.04
2.08
2.12
2.16
2.16
2.08
2.16
2.2
2.16
2.12
2.16
2.08
2.16
2.12
2.16
2.16
2.2
2.16
2.2
2.24
2.24
2.2
2.2
2.2
2.24
2.28
2.2
2.24
2.28
2.28
2.24
2.2
2.28
2.24
2.32
2.28
2.28
2.28
2.32
2.24
2.28
2.36
2.28
2.28
2.28
2.32
2.32
2.32
2.28
2.32
2.36
2.32
2.36
2.32
2.32
2.28
2.32
2.28
2.28
2.36
2.28
2.32
2.32
2.28
2.36
2.32
2.32
2.32
2.24
2.32
2.36
2.32
2.32
2.36
2.28
2.28
2.28
2.32
2.28
2.32
2.24
2.24
2.2
2.24
2.24
2.24
2.2
2.24
2.16
2.24
2.16
2.12
2.2
2.16
2.16
2.12
2.08
2.12
2
2.08
1.96
2.04
2
2
2
1.92
1.88
1.92
1.96
1.84
1.84
1.76
1.72
1.76
1.72
1.72
1.72
1.68
1.64
1.6
1.6
1.64
1.64
1.56
1.56
1.56
1.48
1.48
1.48
1.48
1.44
1.36
1.36
1.36
1.44
1.4
1.36
1.36
1.32
1.32
1.24
1.24
1.24
1.24
1.28
1.2
1.24
1.24
1.2
1.16
1.16
1.12
1.08
1.12
1
1.08
1.04
.96
1
1.08
1
1.04
1
1
.96
1
.96
1
.92
.92
.88
.88
.88
.88
.84
.88
.88
.88
.88
.92
.84
.84
.8
.76
.84
.76
.76
.8
.76
.8
.72
.72
.76
.76
.72
.72
.68
.76
.68
.68
.64
.68
.64
.64
.64
.64
.6
.64
.6
.64
.64
.56
.52
.52
.56
.56
.52
.52
.52
.52
.52
.48
.52
.48
.48
.52
.44
.48
.44
.4
.4
.4
.4
.36
.4
.4
.36
.36
.36
.4
.36
.36
.36
.36
.36
.32
.36
.36
.32
.32
.4
.32
.28
.32
.36
.32
.32
.32
.32
.32
.28
.28
.28
.28
.32
.28
.28
.24
.24
.24
.28
.24
.24
.28
.2
.24
.24
.24
.24
.24
.2
.2
.2
.2
.28
.2
.24
.28
.16
.2
.2
.16
.24
.16
.24
.12
.2
.16
.12
.16
.16
.16
.12
.16
.16
.16
.16
.16
.16
.12
.2
.16
.16
.16
.16
.12
.12
.12
.2
.12
.16
.12
.2
.12
.2
.16
.16
.2
.12
.12
.16
.16
.2
.2
.16
.2
.2
.2
.24
.2
.16
.2
.24
.24
.2
.24
.2
.24
.28
.28
.24
.28
.28
.28
.28
.4
.36
.36
.36
.36
.36
.4
.44
.4
.44
.44
.44
.52
.52
.56
.56
.56
.52
.6
.6
.64
.64
.64
.72
.68
.76
.88
.8
.84
.8
.8
.88
.88
.88
.88
.96
.92
1
1
1
1.04
1.08
1.08
1.08
1.12
1.12
1.12
1.16
1.2
1.2
1.2
1.28
1.32
1.28
1.24
1.28
1.28
1.36
1.32
1.36
1.36
1.36
1.36
1.4
1.44
1.48
1.4
1.48
1.48
1.48
1.48
1.52
1.56
1.52
1.52
1.6
1.56
1.6
1.56
1.64
1.6
1.6
1.6
1.64
1.64
1.68
1.72
1.64
1.64
1.68
1.76
1.72
1.76
1.68
1.72
1.76
1.72
1.76
1.8
1.8
1.8
1.8
1.84
1.84
1.84
1.84
1.84
1.88
1.84
1.84
1.88
1.88
1.92
1.88
1.88
1.96
1.88
1.88
1.96
1.92
1.92
1.96
1.96
1.96
1.96
2
2
1.96
1.92
1.96
2
2
2
2
2.04
2.08
2
2.04
2.08
2.04
2.04
2.08
2.04
2.08
2
2.08
2.12
2.08
2.16
2.12
2.08
2.12
2.12
2.2
2.16
2.12
2.16
2.16
2.2
2.16
2.2
2.16
2.2
2.2
2.16
2.24
2.2
2.2
2.2
2.2
2.2
2.2
2.24
2.2
2.2
2.28
2.24
2.24
2.2
2.24
2.24
2.24
2.24
2.32
2.24
2.28
2.28
2.24
2.28
2.28
2.28
2.28
2.24
2.28
2.32
2.28
2.32
2.32
2.28
2.28
2.32
2.28
2.28
2.36
2.32
2.28
2.36
2.36
2.32
2.32
2.36
2.32
2.36
2.32
2.32
2.32
2.32
2.28
2.32
2.24
2.28
2.24
2.28
2.32
2.32
2.28
2.28
2.2
2.24
2.24
2.24
2.24
2.2
2.16
2.16
2.16
2.16
2.16
2.2
2.12
2.08
2.08
2.12
2.04
2.08
2
2
2
1.96
2.04
1.92
1.88
1.88
1.88
1.84
1.88
1.8
1.72
1.72
1.76
1.76
1.72
1.64
1.68
1.64
1.56
1.6
1.64
1.6
1.56
1.56
1.56
1.52
1.52
1.48
1.4
1.4
1.36
1.36
1.4
1.36
1.4
1.36
1.28
1.28
1.28
1.28
1.2
1.32
1.24
1.24
1.24
1.2
1.16
1.16
1.12
1.12
1.12
1.12
1.08
1.08
1
1.04
1.08
1.08
1.04
1
1
.96
.96
.92
.96
1
.92
.92
.88
.92
.88
.92
.88
.88
.84
.88
.88
.84
.8
.8
.76
.76
.8
.8
.84
.84
.76
.8
.72
.72
.68
.72
.72
.72
.68
.72
.68
.64
.68
.72
.64
.68
.64
.64
.64
.68
.64
.56
.64
.6
.56
.56
.52
.56
.52
.56
.48
.48
.44
.44
.52
.48
.52
.48
.48
.44
.44
.44
.36
.4
.36
.4
.4
.44
.32
.4
.4
.36
.4
.36
.36
.32
.32
.36
.36
.32
.32
.36
.36
.28
.28
.32
.32
.32
.32
.28
.32
.32
.32
.28
.32
.28
.2
.28
.28
.28
.24
.28
.28
.28
.24
.2
.2
.24
.2
.2
.24
.28
.24
.24
.24
.24
.24
.2
.28
.2
.2
.2
.24
.16
.2
.2
.2
.16
.16
.16
.2
.12
.16
.16
.16
.16
.2
.12
.16
.2
.16
.12
.2
.2
.16
.12
.16
.16
.2
.12
.2
.12
.12
.12
.12
.12
.16
.16
.2
.16
.16
.16
.2
.16
.2
.2
.2
.24
.2
.16
.2
.2
.24
.2
.2
.2
.2
.28
.28
.24
.24
.24
.28
.28
.28
.32
.32
.36
.36
.36
.36
.44
.4
.44
.52
.4
.48
.48
.52
.52
.56
.56
.68
.6
.56
.6
.64
.6
.68
.68
.72
.72
.72
.8
.76
.8
.76
.76
.84
.76
.92
1
1
.96
.96
.96
1.04
1.04
1.04
1
1.08
1.12
1.08
1.12
1.12
1.24
1.2
1.2
1.24
1.2
1.28
1.28
1.28
1.32
1.36
1.36
1.32
1.32
1.4
1.36
1.4
1.4
1.4
1.44
1.48
1.44
1.48
1.48
1.52
1.56
1.48
1.48
1.52
1.56
1.6
1.56
1.6
1.6
1.6
1.6
1.64
1.64
1.64
1.72
1.64
1.68
1.68
1.68
1.68
1.72
1.72
1.72
1.72
1.72
1.76
1.76
1.76
1.84
1.8
1.8
1.84
1.76
1.8
1.84
1.84
1.84
1.88
1.84
1.88
1.92
1.88
1.92
1.88
1.96
1.92
1.96
1.92
1.96
1.96
1.96
1.96
1.96
2
2.04
1.92
2
1.96
2
2.08
2.04
2.04
2
2
2
2.08
2.08
2.04
2
2.08
2.08
2.04
2.08
2.04
2.08
2.08
2.12
2.12
2.12
2.16
2.12
2.12
2.12
2.16
2.16
2.12
2.16
2.24
2.12
2.16
2.2
2.2
2.2
2.2
2.24
2.16
2.16
2.24
2.2
2.24
2.24
2.2
2.24
2.24
2.24
2.24
2.24
2.32
2.28
2.24
2.28
2.24
2.28
2.28
2.24
2.28
2.24
2.28
2.28
2.32
2.28
2.28
2.28
2.36
2.32
2.28
2.32
2.28
2.32
2.32
2.28
2.32
2.36
2.32
2.32
2.32
2.36
2.32
2.36
2.24
2.32
2.32
2.32
2.32
2.32
2.24
2.32
2.28
2.28
2.32
2.24
2.28
2.32
2.32
2.24
2.24
2.24
2.24
2.2
2.2
2.24
2.16
2.2
2.2
2.12
2.16
2.12
2.2
2.08
2.08
2.08
2.04
2.08
2.04
2
1.96
1.96
1.96
1.88
1.88
1.84
1.84
1.84
1.84
1.8
1.72
1.76
1.72
1.72
1.72
1.72
1.64
1.64
1.6
1.6
1.56
1.6
1.56
1.56
1.48
1.48
1.56
1.52
1.4
1.4
1.4
1.4
1.36
1.4
1.36
1.32
1.36
1.36
1.28
1.24
1.2
1.28
1.28
1.2
1.24
1.2
1.2
1.16
1.16
1.16
1.16
1.08
1.08
1.12
1.04
1
1
1.04
1
1
1
1
.96
.92
1
1
.92
.92
.92
.92
.88
.88
.84
.88
.84
.88
.92
.84
.84
.84
.76
.76
.8
.84
.8
.8
.72
.76
.76
.72
.72
.76
.76
.68
.72
.68
.68
.68
.68
.64
.68
.64
.72
.64
.68
.6
.6
.56
.6
.56
.56
.56
.6
.56
.56
.56
.52
.52
.48
.48
.52
.48
.48
.52
.48
.48
.4
.4
.4
.4
.4
.4
.44
.44
.4
.4
.32
.36
.32
.36
.32
.36
.36
.4
.36
.4
.32
.32
.36
.32
.32
.32
.32
.32
.28
.32
.32
.32
.28
.36
.32
.24
.24
.28
.24
.24
.24
.24
.24
.24
.24
.28
.2
.24
.2
.2
.24
.24
.28
.24
.2
.24
.24
.2
.24
.2
.2
.2
.2
.12
.16
.24
.2
.16
.16
.2
.2
.16
.12
.2
.12
.16
.12
.12
.2
.16
.2
.16
.16
.12
.16
.2
.16
.12
.2
.12
.16
.08
.12
.12
.16
.12
.16
.16
.2
.16
.2
.16
.12
.2
.16
.12
.2
.16
.2
.16
.2
.2
.2
.24
.2
.2
.2
.24
.28
.24
.24
.32
.28
.24
.28
.28
.32
.36
.36
.36
.4
.4
.4
.44
.44
.44
.44
.44
.48
.52
.52
.56
.56
.56
.56
.6
.64
.64
.68
.72
.68
.76
.76
.8
.8
.88
.76
.8
.84
.84
.92
.92
.96
.92
1
1
.96
1.04
1.04
1.08
1.08
1.08
1.12
1.16
1.12
1.2
1.24
1.2
1.24
1.28
1.24
1.24
1.28
1.28
1.32
1.32
1.36
1.32
1.32
1.36
1.48
1.4
1.48
1.4
1.44
1.4
1.52
1.48
1.56
1.56
1.48
1.52
1.56
1.52
1.6
1.6
1.64
1.6
1.64
1.6
1.64
1.64
1.64
1.68
1.68
1.64
1.64
1.72
1.72
1.72
1.72
1.76
1.76
1.72
1.72
1.8
1.76
1.84
1.8
1.8
1.8
1.84
1.84
1.84
1.88
1.88
1.88
1.88
1.88
1.88
1.88
1.92
1.96
1.88
1.92
2.04
1.92
1.92
2
1.92
1.96
1.96
1.96
1.96
2
2
1.96
1.96
2.04
2
2
2.12
2
2.04
2.04
2.08
2.08
2.08
2.04
2.08
2.12
2.08
2.04
2.08
2.04
2.08
2.12
2.12
2.16
2.16
2.2
2.12
2.16
2.12
2.16
2.16
2.2
2.16
2.24
2.16
2.2
2.16
2.24
2.2
2.2
2.2
2.2
2.24
2.2
2.24
2.2
2.24
2.24
2.24
2.24
2.24
2.24
2.24
2.24
2.28
2.24
2.24
2.28
2.28
2.28
2.28
2.28
2.32
2.32
2.28
2.28
2.32
2.32
2.32
2.32
2.28
2.28
2.28
2.28
2.32
2.28
2.32
2.28
2.4
2.32
2.32
2.28
2.32
2.32
2.36
2.32
2.36
2.36
2.36
2.32
2.32
2.32
2.28
2.28
2.28
2.28
2.32
2.28
2.32
2.2
2.28
2.24
2.24
2.24
2.2
2.2
2.2
2.2
2.2
2.2
2.2
2.12
2.08
2.08
2.04
2
2
2
1.96
2
1.96
1.96
1.92
1.84
1.92
1.84
1.88
1.92
1.8
1.72
1.76
1.72
1.72
1.72
1.68
1.64
1.64
1.6
1.64
1.56
1.64
1.56
1.6
1.56
1.48
1.48
1.48
1.4
1.36
1.36
1.4
1.4
1.36
1.32
1.36
1.32
1.28
1.28
1.28
1.28
1.24
1.2
1.24
1.2
1.28
1.16
1.2
1.16
1.12
1.12
1.08
1.08
1.08
1.04
1.04
1.08
1.04
1
1
1
.96
.92
1
1
1
.92
.92
.92
.92
.88
.92
.88
.88
.88
.88
.84
.84
.8
.84
.8
.8
.76
.8
.8
.8
.72
.72
.76
.72
.76
.76
.72
.76
.72
.72
.72
.72
.64
.68
.68
.68
.72
.6
.68
.64
.64
.6
.6
.56
.56
.6
.56
.56
.56
.52
.48
.52
.44
.44
.48
.48
.44
.4
.44
.4
.4
.4
.4
.4
.44
.36
.4
.4
.4
.36
.4
.36
.32
.36
.36
.36
.36
.36
.36
.36
.28
.36
.28
.28
.36
.32
.32
.36
.32
.28
.28
.32
.32
.32
.32
.28
.24
.32
.28
.32
.28
.28
.24
.24
.24
.24
.2
.24
.24
.2
.24
.24
.24
.24
.16
.28
.24
.2
.2
.24
.2
.2
.2
.24
.2
.16
.2
.12
.16
.16
.16
.12
.12
.2
.12
.12
.16
.2
.16
.2
.16
.16
.16
.16
.16
.16
.16
.16
.12
.12
.2
.16
.12
.2
.12
.12
.2
.16
.2
.16
.2
.16
.16
.2
.2
.2
.24
.24
.24
.24
.2
.16
.2
.24
.2
.2
.24
.24
.24
.28
.24
.28
.32
.28
.28
.32
.32
.36
.36
.4
.36
.4
.36
.48
.44
.48
.44
.52
.48
.48
.56
.56
.64
.6
.52
.64
.68
.56
.68
.72
.68
.68
.76
.8
.8
.84
.76
.8
.84
.84
.88
.92
.96
.92
.96
1
1.04
1.04
1.08
1.04
1.12
1.04
1.16
1.16
1.16
1.28
1.2
1.2
1.24
1.24
1.28
1.24
1.24
1.28
1.32
1.32
1.36
1.32
1.36
1.36
1.4
1.4
1.44
1.4
1.48
1.48
1.48
1.48
1.52
1.56
1.52
1.52
1.56
1.56
1.6
1.56
1.6
1.6
1.6
1.6
1.6
1.64
1.68
1.72
1.68
1.64
1.64
1.64
1.72
1.72
1.68
1.76
1.76
1.72
1.76
1.76
1.76
1.84
1.8
1.8
1.84
1.8
1.84
1.84
1.88
1.84
1.84
1.84
1.88
1.88
1.88
1.92
1.96
1.96
1.88
1.92
1.92
1.96
1.96
1.96
2
2
2
2
2
2
2
2
2
2
1.96
2
2.04
2.04
2.08
2.08
2.04
2.08
2.08
2.08
2.12
2.04
2.16
2.08
2.08
2.12
2.12
2.12
2.16
2.16
2.12
2.12
2.16
2.16
2.2
2.16
2.2
2.2
2.2
2.2
2.24
2.2
2.2
2.24
2.2
2.24
2.28
2.24
2.24
2.28
2.2
2.2
2.24
2.24
2.24
2.24
2.28
2.28
2.28
2.24
2.32
2.2
2.28
2.28
2.28
2.28
2.32
2.32
2.32
2.28
2.24
2.24
2.32
2.28
2.28
2.32
2.32
2.24
2.28
2.28
2.32
2.32
2.24
2.32
2.32
2.32
2.32
2.32
2.32
2.32
2.32
2.32
2.32
2.32
2.28
2.36
2.28
2.28
2.24
2.28
2.32
2.28
2.24
2.24
2.2
2.24
2.24
2.2
2.24
2.2
2.16
2.24
2.2
2.2
2.12
2.12
2.16
2.08
2.04
2.12
2
2.04
2
2.04
1.96
1.96
1.96
1.96
1.92
1.84
1.88
1.88
1.84
1.76
1.68
1.8
1.72
1.76
1.72
1.68
1.64
1.64
1.56
1.64
1.64
1.56
1.56
1.56
1.56
1.48
1.48
1.52
1.4
1.36
1.36
1.4
1.36
1.36
1.32
1.4
1.32
1.28
1.24
1.28
1.2
1.24
1.24
