2500
1.e-07
250
.663177
2.95188
2.95969
2.95188
2.94375
2.95188
2.98375
2.95188
2.95188
2.95969
2.94375
2.95188
2.94375
2.96781
2.95969
2.95969
2.94375
2.95188
2.95188
2.96781
2.96781
2.95188
2.95188
2.94375
2.94375
2.95969
2.95969
2.95969
2.95188
2.95188
2.96781
2.95188
2.92781
2.95188
2.95188
2.96781
2.94375
2.97563
2.93563
2.94375
2.96781
2.95188
2.94375
2.95188
2.92781
2.95188
2.94375
2.95969
2.92781
2.96781
2.93563
2.95188
2.92781
2.98375
2.94375
2.96781
2.95188
2.95188
2.92781
2.93563
2.95969
2.95969
2.96781
2.95188
2.95188
2.93563
2.94375
2.94375
2.96781
2.94375
2.95188
2.93563
2.92781
2.95188
2.94375
2.94375
2.93563
2.95969
2.95188
2.92781
2.94375
2.94375
2.96781
2.92781
2.95969
2.95969
2.95969
2.95969
2.93563
2.95969
2.92781
2.39188
.0478125
.031875
.071875
.031875
.0559375
-.0003125
.02375
.0396875
-.0003125
.02375
.0159375
.0396875
.0159375
.0078125
.0159375
.0078125
.0078125
.0396875
.071875
.031875
.031875
.0396875
.031875
.0478125
.0159375
.0396875
.02375
.0159375
.0159375
.0159375
.0159375
.02375
.02375
.0396875
.02375
.031875
.0159375
.0159375
.0478125
.0078125
.02375
.02375
.0159375
.0396875
.0478125
.0478125
.02375
.0559375
.0159375
.02375
.02375
.0559375
.031875
.0159375
.0159375
.0478125
-.0003125
.0478125
.0478125
.0478125
.0478125
.031875
.0078125
.031875
.031875
.0478125
.02375
.031875
.02375
.0478125
.02375
.0478125
.0159375
.0559375
.0078125
.0559375
.02375
.02375
.031875
.0396875
.0478125
.02375
.0396875
.0396875
.02375
.031875
.031875
.0559375
.031875
.0396875
.031875
.06375
.0559375
.031875
.0396875
.0396875
.031875
.0559375
.0559375
.0559375
.031875
.0559375
.0396875
.0478125
.0396875
.0396875
.0396875
.06375
.0396875
.0559375
-.0003125
.0396875
.0396875
.031875
.031875
.0559375
.02375
.031875
.02375
.06375
.0396875
.0478125
.0478125
.0396875
.0559375
.031875
.0478125
.0478125
.0396875
.0078125
.0559375
.0159375
.02375
.0396875
.031875
.031875
.0396875
.06375
.0559375
-.0003125
.031875
.0478125
.02375
.0559375
.0478125
.06375
.02375
.031875
.031875
.0396875
.0159375
.0478125
.0478125
.0559375
.031875
.0559375
.0478125
.0478125
.0478125
2.40781
2.95969
2.96781
2.97563
2.97563
2.98375
2.95969
2.96781
2.95969
2.95188
2.98375
2.97563
2.99188
3.00781
2.96781
2.98375
2.95188
2.96781
2.98375
2.96781
2.95188
2.95969
2.95188
2.95969
2.99969
2.96781
2.97563
2.96781
2.95188
2.95969
2.95969
2.97563
2.95969
2.94375
2.99188
2.97563
2.99188
2.96781
2.96781
2.94375
2.96781
2.95969
2.97563
2.95188
2.96781
2.92781
2.97563
2.95188
2.95969
2.93563
2.96781
2.95188
2.95188
2.94375
2.95188
2.95969
2.95188
2.93563
2.95188
2.95188
2.94375
2.95969
2.95188
2.95969
2.94375
2.92781
2.93563
2.94375
2.95969
2.95969
2.95969
2.93563
2.95188
2.95969
2.98375
2.93563
2.96781
2.95188
2.95969
2.94375
2.95188
2.96781
2.95188
2.95969
2.95188
2.94375
2.93563
2.93563
2.95188
2.93563
2.92781
2.94375
2.96781
2.97563
2.95188
2.92781
2.93563
2.93563
2.94375
2.96781
2.96781
2.92781
2.93563
2.94375
2.94375
2.94375
2.95188
2.92781
2.92781
2.94375
2.95969
2.92781
2.92781
2.94375
2.95969
2.92781
2.93563
2.92781
2.93563
2.94375
2.94375
2.95188
2.96781
2.94375
2.93563
2.94375
2.95188
2.94375
2.95188
2.94375
2.95969
2.96781
2.93563
2.91969
2.95969
2.95969
2.95188
2.92781
2.95188
2.92781
2.94375
2.94375
2.93563
2.92781
2.96781
2.94375
2.95188
2.94375
2.93563
2.94375
2.93563
2.94375
2.92781
2.94375
2.94375
2.93563
2.93563
2.93563
2.92781
2.95188
.50375
.0159375
.0559375
.0396875
.031875
.02375
.031875
.031875
.02375
.0078125
.06375
.02375
.0078125
.0159375
.0078125
.02375
.02375
-.0003125
.0478125
.0159375
-.0003125
.0478125
.0478125
.0478125
.02375
.0396875
.0396875
.031875
.02375
.02375
.0396875
.02375
.0478125
-.0003125
.02375
.0159375
.0559375
.0396875
.031875
.02375
.031875
.0559375
.02375
.031875
.02375
.0478125
.031875
.02375
.031875
.02375
.0396875
.02375
.0478125
.02375
.0396875
.0159375
.031875
.0396875
.0478125
.0078125
.02375
.031875
.0396875
.02375
.0078125
.0078125
.0478125
.0078125
.0396875
.02375
.0078125
.031875
.0159375
.031875
.031875
.0396875
.02375
.0078125
.0478125
.0159375
.0396875
.0396875
.0159375
.031875
.02375
.0159375
.02375
.02375
.02375
.0396875
.0478125
.0559375
.0478125
.0396875
.0478125
.031875
.0396875
.02375
.0478125
.0559375
.0478125
.031875
.02375
.0396875
.0159375
.0396875
.0559375
.0559375
.02375
.0159375
.0396875
.0396875
.02375
.0396875
.0159375
.031875
.0396875
.02375
.02375
.0396875
.0078125
.0159375
.0396875
.031875
.0478125
.0396875
.0396875
.0559375
.0078125
.02375
.0396875
.02375
.0478125
.031875
.0396875
.0478125
.0396875
.0559375
.06375
.0396875
.02375
.0396875
.071875
.071875
.0559375
.031875
.0478125
.0559375
.0396875
.0478125
.06375
.0396875
.031875
.0559375
.031875
.031875
.0159375
.031875
.02375
.0559375
2.51969
2.98375
3.00781
2.99969
2.99188
2.97563
2.97563
2.98375
2.98375
2.99969
2.96781
2.96781
2.98375
2.98375
2.95969
2.95188
2.97563
2.96781
2.96781
2.98375
2.95188
2.96781
2.98375
2.97563
2.95969
2.95969
2.97563
2.96781
2.95969
2.95969
2.94375
2.97563
2.98375
2.93563
2.96781
2.97563
2.97563
2.95188
2.97563
2.96781
2.98375
2.96781
2.96781
2.95188
2.95969
2.95969
2.97563
2.96781
2.93563
2.95969
2.95969
2.95969
2.99188
2.95969
2.95969
2.95969
2.97563
2.96781
2.96781
2.95969
2.95188
2.95969
2.95969
2.96781
2.96781
2.95969
2.96781
2.95969
2.97563
2.96781
2.95188
2.95188
2.94375
2.96781
2.96781
2.95188
2.93563
2.95969
2.95969
2.94375
2.95188
2.92781
2.93563
2.95188
2.91969
2.93563
2.95969
2.95188
2.94375
2.95188
2.94375
2.93563
2.95188
2.94375
2.95188
2.95188
2.95188
2.91969
2.95969
2.95969
2.96781
2.94375
2.95188
2.96781
2.95969
2.95969
2.95188
2.95188
2.95188
2.95188
2.95188
2.95188
2.95969
2.95188
2.94375
2.95188
2.95188
2.94375
2.93563
2.94375
2.95188
2.95188
2.95188
2.95188
2.96781
2.94375
2.95969
2.95969
2.95188
2.91188
2.95188
2.95969
2.95969
2.95188
2.94375
2.95188
2.93563
2.93563
2.94375
2.95188
2.96781
2.93563
2.94375
2.94375
2.93563
2.93563
2.94375
2.92781
2.93563
2.95969
2.95188
2.93563
2.93563
2.93563
2.95188
2.94375
2.95188
2.91969
2.95188
2.96781
.367813
.0078125
.02375
.031875
.02375
.031875
.0396875
.0078125
.031875
.02375
.031875
.02375
.0478125
.0159375
.02375
.0396875
.0396875
-.0003125
.02375
.031875
.0159375
.02375
.0396875
.02375
.031875
.0159375
.0159375
.0396875
.0078125
.031875
.0478125
.0078125
.0396875
.0396875
.02375
.02375
.02375
.0478125
.0396875
.0078125
.02375
.0159375
.031875
.0159375
.02375
.031875
.0396875
.031875
.031875
.0478125
.0396875
.0078125
.0159375
.02375
.031875
.0159375
.0559375
.02375
.031875
.0396875
.02375
.031875
.031875
.02375
.0159375
-.008125
.0159375
.031875
.0478125
-.0003125
.02375
.0159375
.0396875
.031875
.031875
.0396875
.031875
.0078125
.06375
.0396875
.071875
.031875
.0396875
.0478125
.031875
.0396875
.0396875
.02375
.02375
.0396875
.06375
.0159375
.0559375
.0478125
.0478125
.02375
.06375
.06375
.031875
.0559375
.0478125
.02375
.02375
.02375
.0559375
.02375
.02375
.031875
.0159375
.031875
.0478125
.031875
.0478125
.0396875
.02375
.031875
.031875
.0478125
.0559375
.0396875
.06375
.031875
.0396875
.0396875
.071875
.02375
.0478125
.0559375
.02375
.031875
.0396875
.0078125
.02375
.031875
.0478125
.0559375
.031875
.0159375
.031875
.0478125
.031875
.0396875
.0078125
.0478125
.031875
.0559375
.031875
.0478125
.0396875
.0396875
.0159375
.02375
.06375
.0396875
.0396875
.02375
.031875
.031875
.0396875
.0559375
.799688
2.94375
2.99188
2.99969
2.98375
2.97563
2.96781
2.97563
2.98375
2.99188
2.99188
2.95969
2.97563
2.95969
2.95969
2.97563
2.97563
2.98375
2.96781
2.97563
2.94375
2.98375
2.95969
2.94375
2.99188
2.96781
2.95969
2.96781
2.96781
2.96781
2.97563
2.95188
2.95969
2.95969
2.96781
2.94375
2.95969
2.95188
2.95969
2.95969
2.97563
2.93563
2.96781
2.93563
2.96781
2.95188
2.95969
2.95188
2.94375
2.94375
2.96781
2.94375
2.97563
2.96781
2.96781
2.95969
2.96781
2.94375
2.95969
2.97563
2.96781
2.97563
2.97563
2.93563
2.95188
2.95188
2.94375
2.95969
2.98375
2.95969
2.97563
2.95969
2.97563
2.95188
2.95188
2.95188
2.95188
2.95969
2.95969
2.94375
2.95969
2.95969
2.95969
2.94375
2.95969
2.95969
2.96781
2.96781
2.95969
2.96781
2.96781
2.93563
2.96781
2.95969
2.98375
2.93563
2.93563
2.95969
2.96781
2.96781
2.95969
2.92781
2.95969
2.94375
2.95188
2.95188
2.95969
2.97563
2.95188
2.94375
2.94375
2.92781
2.95188
2.93563
2.94375
2.95188
2.93563
2.96781
2.92781
2.95188
2.95188
2.94375
2.96781
2.94375
2.93563
2.95188
2.95969
2.95969
2.97563
2.93563
2.94375
2.93563
2.95969
2.95969
2.95969
2.95188
2.93563
2.93563
2.95969
2.93563
2.94375
2.95188
2.93563
2.94375
2.95969
2.93563
2.91969
2.94375
2.93563
2.94375
2.95969
2.95188
2.95188
2.93563
2.94375
2.95188
2.95188
2.94375
2.95969
2.91969
.34375
.0559375
.031875
.0559375
.02375
.031875
.0159375
.0078125
.02375
.0559375
.02375
.0396875
.0559375
.02375
.0078125
.02375
.031875
.031875
.0559375
.0078125
.0396875
.0159375
.0159375
.031875
.031875
.0478125
.02375
.02375
.0559375
.031875
.031875
.0478125
.031875
.02375
.0396875
.031875
.031875
.02375
.071875
.0478125
.0396875
.0159375
.0396875
.031875
.0396875
.0478125
.0478125
.0396875
.071875
.0159375
.06375
.06375
.0396875
.0396875
.071875
.06375
.031875
.02375
.02375
.02375
.0396875
.031875
.031875
.02375
.02375
.0478125
.02375
.0159375
.0159375
.02375
.031875
.0396875
.0159375
.0478125
.031875
.031875
.0478125
.031875
.0478125
.0478125
.0478125
.0159375
.02375
.0559375
.031875
.0396875
.0559375
.0396875
.0478125
.0478125
.0396875
.031875
.031875
.02375
.071875
.0559375
.031875
.0396875
.0478125
.0396875
.0159375
.02375
.0559375
.031875
.0478125
.0559375
.0478125
.0559375
.0396875
.0559375
.031875
.031875
.031875
.0396875
.0559375
.06375
.0559375
.02375
.0559375
.0559375
.031875
.0478125
.0396875
.0396875
.071875
.02375
.0559375
.0396875
.0478125
.0478125
.0559375
.06375
.0478125
.02375
.0559375
.0478125
.0559375
.0559375
.071875
.031875
.0478125
.031875
.02375
.0159375
.031875
.0159375
.0396875
.031875
.0396875
.02375
.031875
.0396875
.0478125
.031875
.031875
.0159375
.02375
.031875
.0478125
.0796875
2.67188
2.98375
2.96781
2.95969
2.97563
2.96781
2.98375
2.97563
2.98375
2.97563
2.98375
2.97563
2.95969
2.96781
2.98375
2.95969
2.98375
2.97563
2.95969
2.97563
2.96781
2.95969
2.95969
2.96781
2.96781
2.96781
2.97563
2.96781
2.97563
2.96781
2.98375
2.96781
2.95969
2.96781
2.96781
2.96781
2.97563
2.98375
2.96781
2.95969
2.96781
2.95969
2.96781
2.95188
2.95969
2.94375
2.95969
2.96781
2.97563
2.95188
2.95188
2.97563
2.97563
2.94375
2.96781
2.95969
2.97563
2.95969
3.00781
2.95188
2.95969
2.95188
2.96781
2.95188
2.95969
2.95969
2.95969
2.94375
2.96781
2.95969
2.99188
2.94375
2.95188
2.95188
2.94375
2.95188
2.94375
2.95188
2.94375
2.93563
2.93563
2.95969
2.95188
2.96781
2.95188
2.94375
2.96781
2.95188
2.91969
2.94375
2.95188
2.95188
2.94375
2.96781
2.96781
2.93563
2.95969
2.95188
2.95188
2.94375
2.95188
2.95188
2.94375
2.95188
2.95188
2.95969
2.93563
2.95188
2.94375
2.95188
2.95188
2.93563
2.95188
2.93563
2.94375
2.96781
2.95188
2.95969
2.95188
2.95969
2.95969
2.95969
2.95969
2.92781
2.95188
2.91969
2.94375
2.95188
2.95188
2.95969
2.95188
2.95969
2.95188
2.93563
2.95188
2.95188
2.94375
2.93563
2.94375
2.94375
2.94375
2.92781
2.93563
2.93563
2.91969
2.92781
2.95969
2.95969
2.92781
2.97563
2.95188
2.95188
2.92781
2.95188
2.96781
2.95969
2.93563
2.92781
2.92781
2.90375
.287813
.071875
.02375
.031875
.031875
.02375
.0559375
.0478125
.031875
.031875
.031875
.0478125
.0396875
.0396875
.02375
.0078125
.02375
.0396875
.0478125
.031875
.0396875
.0396875
.0396875
.0396875
.0559375
.0478125
.0478125
.0159375
.0396875
.0478125
.031875
.02375
.0478125
.02375
-.0003125
.0396875
.0478125
.02375
.0396875
.0159375
.02375
.0396875
.0478125
.0396875
.031875
.0478125
-.0003125
.031875
.0478125
.0559375
.0478125
.02375
.0396875
.0396875
.0396875
.0159375
.0159375
.0478125
.0159375
.02375
.0559375
.02375
.0396875
.0396875
.0396875
.0396875
.0478125
.0796875
.0559375
.0478125
.0396875
.0396875
.0396875
.02375
.0478125
.06375
.0559375
.0478125
.0396875
.06375
.0478125
.031875
.0478125
.0478125
.0396875
.0396875
.0559375
.0078125
.0396875
.031875
.0478125
.031875
.031875
.0559375
.0478125
.031875
.031875
.0396875
.0559375
.0478125
.0478125
.0478125
.0478125
.031875
.031875
.0396875
.0559375
.02375
.0396875
.0396875
.0478125
.0396875
.0559375
.02375
.0396875
.0159375
.02375
.0396875
.0396875
.0159375
.06375
.0396875
.06375
.02375
.0478125
.031875
.0559375
.0396875
.0559375
.0396875
.0396875
.02375
.0559375
.0478125
.0559375
.0559375
.0478125
.0478125
.0478125
.0396875
.0478125
.0396875
.06375
.0478125
.071875
.0478125
.0796875
.0559375
.0559375
.0396875
.0559375
.0478125
.0478125
.0396875
.0396875
.0396875
.0396875
.0559375
.0559375
.10375
2.73563
3.00781
3.00781
2.98375
2.99188
2.97563
2.98375
2.98375
2.99188
2.96781
3.00781
2.95969
2.99188
2.96781
2.96781
2.95188
2.98375
2.95969
2.99188
2.98375
2.98375
2.98375
2.97563
2.97563
2.95969
2.98375
2.97563
2.97563
2.96781
2.95969
2.96781
2.95969
2.98375
2.96781
2.97563
2.95969
2.96781
2.95188
2.95969
2.95969
2.96781
2.95969
2.97563
2.97563
2.97563
2.95969
2.95969
2.97563
2.94375
2.93563
2.94375
2.95188
2.96781
2.95188
2.95188
2.96781
2.95188
2.96781
2.98375
2.95188
2.95969
2.95969
2.96781
2.97563
2.97563
2.95969
2.97563
2.95188
2.94375
2.96781
2.96781
2.95188
2.93563
2.94375
2.97563
2.96781
2.97563
2.95969
2.95969
2.95969
2.97563
2.94375
2.95969
2.97563
2.95969
2.95969
2.95969
2.94375
2.95188
2.95188
2.95969
2.92781
2.96781
2.95188
2.96781
2.92781
2.94375
2.94375
2.92781
2.93563
2.95969
2.93563
2.94375
2.94375
2.93563
2.94375
2.95188
2.95969
2.96781
2.95969
2.96781
2.93563
2.95969
2.93563
2.96781
2.92781
2.95188
2.96781
2.96781
2.95188
2.95969
2.95188
2.97563
2.95188
2.97563
2.95188
2.96781
2.96781
2.95969
2.95188
2.95188
2.93563
2.94375
2.94375
2.93563
2.95188
2.95969
2.93563
2.94375
2.95188
2.94375
2.93563
2.96781
2.92781
2.95969
2.93563
2.92781
2.94375
2.91969
2.95188
2.94375
2.94375
2.95188
2.94375
2.96781
2.95969
2.93563
2.95188
2.96781
2.93563
1.92781
.031875
.0159375
.0478125
.031875
.06375
.0396875
.02375
.031875
.031875
.0396875
.0078125
-.0003125
.02375
.0078125
.031875
.0396875
.031875
.0396875
.031875
.02375
.031875
.0478125
.02375
.02375
.031875
.0396875
.02375
.06375
.0159375
.0478125
.0396875
.0478125
.0159375
.0478125
.031875
.02375
.0396875
.0478125
.031875
.02375
.0396875
.0396875
.0478125
.06375
.0559375
.031875
.06375
.0478125
.031875
.02375
.0559375
.02375
.02375
.031875
.0396875
.031875
.0478125
.0396875
.031875
.02375
.0396875
.0559375
.06375
.0396875
.031875
.0396875
.031875
.0478125
.06375
.0478125
.0478125
.0396875
.071875
.0559375
.0478125
.0478125
.02375
.0478125
.06375
.06375
.02375
.0396875
.0478125
.0396875
.06375
.0078125
.0159375
.0159375
.0159375
.0396875
.031875
.0559375
.0159375
.02375
.0078125
.031875
.02375
.0559375
.02375
.0396875
.0396875
.031875
.0478125
.0396875
.0559375
.02375
.0159375
.031875
.0159375
.0396875
.0478125
.0396875
.0396875
.0559375
.0396875
.06375
.0559375
.06375
.0396875
.06375
.0478125
.0478125
.06375
.031875
.0478125
.0396875
.0396875
.06375
.0559375
.0396875
.0396875
.0396875
.0396875
.0559375
.031875
.031875
.0396875
.0478125
.0478125
.0478125
.0396875
.0559375
.0396875
.0396875
.0478125
.0796875
.0478125
.0396875
.0478125
.0478125
.071875
.0478125
.0478125
.071875
.0478125
.0559375
.031875
.0396875
.151875
2.82375
2.99188
2.98375
3.00781
2.98375
2.98375
2.99969
2.97563
2.99188
2.97563
2.98375
2.95969
2.97563
2.96781
2.97563
2.95969
2.97563
2.95188
2.98375
2.99188
2.96781
2.95969
3.01563
2.98375
2.98375
2.97563
2.99969
2.96781
2.99188
2.98375
2.96781
2.95188
2.96781
2.95188
2.96781
2.95188
2.95969
2.96781
2.95969
2.96781
2.97563
2.93563
2.99969
2.98375
2.97563
2.96781
2.96781
2.96781
2.96781
2.95969
2.96781
2.96781
2.94375
2.94375
2.98375
2.97563
2.95969
2.93563
2.96781
2.94375
2.95188
2.95188
2.95969
2.95188
2.95188
2.95188
2.96781
2.94375
2.92781
2.97563
2.95969
2.95969
2.95969
2.95188
2.95188
2.94375
2.93563
2.97563
2.95188
2.97563
2.94375
2.95188
2.94375
2.96781
2.95188
2.96781
2.95188
2.94375
2.95969
2.93563
2.97563
2.95969
2.95969
2.95188
2.95188
2.96781
2.95969
2.95969
2.95969
2.96781
2.95969
2.96781
2.95188
2.95188
2.97563
2.95188
2.93563
2.94375
2.95188
2.95188
2.95188
2.95188
2.94375
2.93563
2.95188
2.94375
2.92781
2.93563
2.95188
2.93563
2.93563
2.92781
2.95188
2.94375
2.95969
2.95188
2.95188
2.96781
2.92781
2.95969
2.93563
2.95188
2.95188
2.93563
2.94375
2.94375
2.97563
2.95969
2.96781
2.96781
2.96781
2.96781
2.95969
2.95188
2.95188
2.95188
2.95969
2.96781
2.92781
2.95188
2.94375
2.94375
2.96781
2.94375
2.95188
2.93563
2.95969
2.95188
2.94375
2.79188
.175938
.0396875
.0396875
.0159375
.031875
.0396875
.031875
.031875
.031875
.02375
.031875
.0396875
.0159375
.031875
.0396875
.02375
.02375
.0159375
.0478125
.0159375
.0478125
.031875
.0478125
.031875
.031875
.06375
.0159375
.0396875
.0396875
.031875
.0478125
.0478125
.0478125
.02375
.0159375
.02375
.0396875
.0559375
.06375
.0396875
.0396875
.0478125
.0396875
.0478125
.0396875
.02375
.0478125
.02375
.0478125
.0478125
.0396875
.0559375
.06375
.0396875
.0396875
.071875
.02375
.02375
.0478125
.0478125
.02375
.0396875
.0478125
.0478125
.02375
.0559375
.0478125
.031875
.0396875
.031875
.0478125
.031875
.0559375
.06375
.0478125
.031875
.0478125
.0396875
.0396875
.071875
.0396875
.02375
.031875
.0159375
.06375
.0396875
.0078125
.0478125
.0396875
.0478125
.031875
.0396875
.0478125
.0396875
.0559375
.02375
.02375
.0159375
.06375
.06375
.0478125
.0478125
.0396875
.0396875
.0396875
.0396875
.06375
.031875
.0396875
.02375
.0396875
.0478125
.031875
.02375
.0478125
.031875
.06375
.02375
.0396875
.0478125
.0396875
.0159375
.0478125
.02375
.0478125
.0159375
.0396875
.06375
.0559375
.0478125
.031875
.02375
.031875
.02375
.071875
.0559375
.071875
.031875
.0478125
.031875
.031875
.0559375
.0478125
.0396875
.071875
.0559375
.0396875
.0478125
.02375
.0396875
.0559375
.031875
.0559375
.031875
.071875
.02375
.031875
.0559375
.0396875
.199688
2.85563
2.98375
2.97563
2.99188
2.98375
2.96781
2.97563
2.98375
2.95969
2.96781
2.96781
2.97563
2.98375
2.99969
2.98375
2.98375
2.99188
2.99969
2.96781
2.96781
2.96781
2.95969
2.97563
2.97563
2.95969
2.98375
2.97563
2.96781
2.97563
2.95969
2.99969
2.95969
2.99188
2.97563
2.98375
2.96781
2.95969
2.98375
2.96781
2.95188
2.95188
2.97563
2.96781
2.96781
2.98375
2.96781
2.98375
2.95188
2.95188
2.96781
2.97563
2.96781
2.96781
2.96781
2.97563
2.94375
2.98375
2.96781
2.97563
2.95969
2.96781
2.96781
2.94375
2.95188
2.95188
2.94375
2.95188
2.94375
2.95969
2.94375
2.96781
2.95188
2.95969
2.94375
2.95969
2.94375
2.95969
2.94375
2.96781
2.92781
2.96781
2.95969
2.94375
2.94375
2.95188
2.93563
2.91969
2.94375
2.95188
2.95188
2.96781
2.95188
2.95969
2.92781
2.95969
2.93563
2.95188
2.95969
2.95188
2.95188
2.94375
2.95188
2.95188
2.91969
2.94375
2.94375
2.95969
2.94375
2.95188
2.91969
2.93563
2.95969
2.94375
2.95188
2.95188
2.93563
2.93563
2.95188
2.94375
2.95188
2.95188
2.94375
2.93563
2.93563
2.91969
2.94375
2.95188
2.94375
2.96781
2.95969
2.95969
2.95188
2.95188
2.95188
2.95188
2.92781
2.95188
2.93563
2.93563
2.95969
2.96781
2.94375
2.94375
2.93563
2.93563
2.93563
2.92781
2.95188
2.91969
2.95188
2.95969
2.93563
2.94375
2.95188
2.96781
2.94375
2.94375
2.95188
2.94375
2.72781
.135938
.0478125
.0478125
.0396875
.0159375
.0159375
.031875
.031875
.0478125
-.0003125
.0478125
.0159375
.0559375
.0396875
.0478125
.0159375
.0396875
.0159375
.06375
.031875
.0478125
.0559375
.031875
.02375
.031875
.031875
.0478125
.02375
.0559375
.02375
.031875
.02375
.031875
.0396875
.0478125
.031875
.0396875
.031875
.031875
.031875
.0396875
.0478125
.071875
.0078125
.0396875
.02375
.031875
.031875
.031875
.02375
.06375
.0396875
.02375
.031875
.0396875
.0478125
.06375
.0478125
.0478125
.02375
.031875
.031875
.0396875
.0396875
.031875
.0159375
.06375
.0396875
.0396875
.02375
.031875
.0478125
.0396875
.0559375
.071875
.02375
.0396875
.02375
.0559375
.0396875
.0396875
.0396875
.02375
.031875
.0559375
.0559375
.0396875
.0396875
.031875
.0396875
.0559375
.031875
.031875
.02375
.0559375
.0478125
.0396875
.0396875
.0478125
.0159375
.0478125
.031875
.02375
.0159375
.0159375
.0159375
.0478125
.031875
.0396875
-.0003125
.02375
.0478125
.0478125
.0478125
.0478125
.0396875
.0159375
.0478125
.0478125
.031875
.0559375
.0396875
.06375
.0559375
.0559375
.0478125
.02375
.0559375
.0478125
.0478125
.0478125
.0396875
.0478125
.0559375
.031875
.0478125
.0478125
.031875
.0478125
.0478125
.0396875
.06375
.0396875
.0478125
.06375
.0159375
.0396875
.0478125
.0478125
.0478125
.0396875
.0396875
.0478125
.0396875
.031875
.031875
.0396875
.02375
.06375
.0396875
1.25594
2.96781
2.99969
2.98375
2.97563
2.97563
2.98375
2.98375
2.98375
2.98375
