2500
2.e-07
250
.0211792
3.44
3.44
3.52
3.36
3.36
3.44
3.36
3.36
3.28
3.28
3.28
3.28
3.2
3.2
3.2
3.2
3.2
3.2
3.12
3.12
3.12
3.04
3.12
3.12
3.12
2.96
2.96
2.96
2.88
2.96
2.88
2.8
2.88
2.88
2.8
2.8
2.72
2.72
2.72
2.72
2.72
2.64
2.64
2.64
2.72
2.64
2.56
2.48
2.56
2.48
2.56
2.48
2.4
2.48
2.4
2.4
2.4
2.32
2.32
2.32
2.32
2.32
2.24
2.24
2.24
2.16
2.08
2.16
2.08
2.08
2.08
2.16
2.08
2.08
2
2
1.92
1.92
2
1.92
1.84
1.92
1.84
1.84
1.84
1.84
1.76
1.76
1.68
1.76
1.68
1.76
1.68
1.68
1.68
1.6
1.68
1.6
1.52
1.52
1.52
1.52
1.52
1.44
1.44
1.44
1.44
1.36
1.36
1.36
1.36
1.28
1.2
1.28
1.28
1.2
1.2
1.2
1.2
1.12
1.12
1.12
1.12
1.04
1.04
1.12
1.04
.96
.96
.96
.88
.88
.88
.88
.8
.88
.8
.8
.72
.72
.72
.72
.72
.64
.64
.64
.64
.56
.56
.56
.56
.56
.48
.48
.48
.4
.4
.4
.4
.4
.4
.32
.32
.32
.24
.32
.24
.24
.16
.16
.16
.16
.08
.16
.16
.24
.16
.16
.24
.16
.32
.32
.32
.32
.4
.4
.48
.48
.4
.48
.48
.48
.56
.56
.48
.56
.56
.56
.64
.56
.72
.72
.72
.72
.72
.8
.72
.8
.8
.88
.88
.8
.8
.88
.96
.96
.96
.96
1.04
1.04
1.04
1.04
1.04
1.12
1.12
1.12
1.2
1.2
1.2
1.2
1.28
1.36
1.28
1.28
1.36
1.36
1.36
1.36
1.36
1.44
1.44
1.52
1.44
1.52
1.52
1.52
1.52
1.6
1.6
1.6
1.68
1.6
1.6
1.68
1.76
1.76
1.76
1.84
1.76
1.76
1.84
1.84
1.84
1.92
1.92
1.92
1.92
2
2
2
2.08
2.08
2.08
2
2.08
2.08
2.16
2.16
2.16
2.16
2.16
2.24
2.24
2.32
2.32
2.32
2.32
2.4
2.4
2.4
2.4
2.48
2.4
2.48
2.56
2.56
2.48
2.56
2.56
2.56
2.64
2.56
2.64
2.64
2.72
2.72
2.72
2.8
2.8
2.8
2.8
2.8
2.8
2.88
2.8
2.88
2.88
2.88
2.96
3.04
3.04
2.96
3.04
3.04
3.04
3.12
3.12
3.12
3.12
3.2
3.2
3.2
3.28
3.28
3.28
3.28
3.28
3.36
3.36
3.36
3.44
3.36
3.36
3.44
3.44
3.44
3.52
3.52
3.44
3.6
3.6
3.6
3.6
3.68
3.68
3.68
3.76
3.76
3.76
3.76
3.76
3.76
3.84
3.76
3.84
3.84
3.92
3.92
3.92
3.92
4
4
4
4
4
4.08
4.08
4.16
4.08
4.16
4.16
4.24
4.24
4.24
4.24
4.32
4.32
4.32
4.32
4.32
4.4
4.4
4.48
4.4
4.4
4.48
4.48
4.48
4.48
4.48
4.56
4.56
4.64
4.72
4.64
4.72
4.64
4.72
4.72
4.8
4.72
4.8
4.8
4.88
4.8
4.88
4.88
4.88
4.88
4.88
4.96
5.04
4.96
4.96
5.04
4.96
4.88
4.88
4.88
4.88
4.88
4.88
4.8
4.72
4.8
4.8
4.72
4.72
4.64
4.72
4.64
4.56
4.56
4.56
4.56
4.48
4.48
4.48
4.48
4.4
4.48
4.4
4.4
4.4
4.4
4.32
4.32
4.32
4.24
4.24
4.24
4.24
4.32
4.24
4.08
4.16
4.16
4.08
4.08
4.08
4.08
4.08
4.08
4
4
4
4
3.92
3.92
3.84
3.84
3.84
3.84
3.76
3.84
3.76
3.76
3.68
3.68
3.68
3.68
3.68
3.6
3.68
3.6
3.52
3.52
3.44
3.44
3.44
3.44
3.44
3.44
3.44
3.36
3.36
3.36
3.28
3.28
3.36
3.28
3.28
3.28
3.2
3.2
3.2
3.2
3.12
3.12
3.12
3.04
3.12
3.04
3.04
3.04
2.96
2.88
2.96
2.96
2.88
2.96
2.88
2.88
2.8
2.88
2.72
2.72
2.72
2.72
2.72
2.64
2.64
2.64
2.64
2.64
2.64
2.64
2.56
2.56
2.56
2.56
2.48
2.48
2.4
2.4
2.4
2.4
2.4
2.32
2.32
2.24
2.32
2.24
2.24
2.24
2.24
2.24
2.16
2.08
2.16
2.08
2.08
2.08
2
2
2
1.92
1.92
1.92
2
1.84
1.92
1.84
1.84
1.84
1.84
1.76
1.84
1.76
1.76
1.84
1.68
1.68
1.68
1.6
1.6
1.6
1.6
1.52
1.52
1.52
1.52
1.44
1.52
1.44
1.36
1.44
1.44
1.28
1.36
1.36
1.36
1.36
1.28
1.28
1.28
1.28
1.2
1.12
1.12
1.12
1.04
1.04
1.12
1.04
1.12
1.04
.96
.96
.96
.96
.96
.88
.88
.8
.8
.8
.72
.72
.72
.72
.72
.64
.64
.64
.72
.64
.56
.56
.56
.56
.48
.48
.56
.48
.4
.48
.4
.4
.4
.32
.4
.32
.24
.32
.32
.24
.24
.24
.24
.24
.08
.08
.16
.08
.16
.16
.24
.32
.32
.24
.24
.32
.32
.4
.4
.4
.48
.4
.4
.48
.48
.56
.56
.48
.56
.48
.64
.64
.56
.64
.64
.64
.72
.72
.72
.72
.8
.8
.8
.8
.88
.88
.88
.88
.96
.88
.96
.96
1.04
1.04
1.12
1.12
1.12
1.12
1.12
1.12
1.12
1.28
1.2
1.2
1.28
1.28
1.28
1.36
1.36
1.36
1.44
1.36
1.36
1.44
1.44
1.36
1.44
1.52
1.52
1.6
1.6
1.52
1.6
1.6
1.6
1.68
1.68
1.68
1.76
1.76
1.84
1.76
1.92
1.84
1.84
1.84
1.84
1.84
2
1.92
2
2
2
2
2.08
2
2.16
2.08
2.08
2.08
2.16
2.16
2.24
2.24
2.24
2.24
2.32
2.32
2.32
2.32
2.4
2.4
2.4
2.4
2.4
2.4
2.48
2.48
2.48
2.56
2.48
2.56
2.56
2.64
2.64
2.72
2.72
2.64
2.72
2.72
2.8
2.8
2.72
2.8
2.8
2.88
2.8
2.8
2.88
2.96
2.96
2.96
3.04
2.96
3.04
3.04
3.04
3.12
3.12
3.2
3.2
3.12
3.2
3.2
3.28
3.28
3.28
3.2
3.28
3.28
3.28
3.28
3.36
3.36
3.36
3.44
3.44
3.44
3.44
3.44
3.52
3.6
3.52
3.6
3.6
3.68
3.6
3.68
3.68
3.68
3.76
3.76
3.76
3.76
3.76
3.84
3.84
3.92
3.84
3.84
3.84
3.92
4
3.92
4
4
4.08
4.08
4.08
4.08
4.16
4.16
4.24
4.16
4.16
4.24
4.24
4.32
4.24
4.4
4.32
4.32
4.32
4.4
4.4
4.4
4.4
4.48
4.4
4.56
4.56
4.48
4.48
4.56
4.64
4.64
4.64
4.64
4.72
4.72
4.72
4.8
4.72
4.72
4.8
4.8
4.8
4.88
4.88
4.88
4.88
4.88
4.96
4.96
4.96
5.04
5.04
4.96
4.96
4.96
5.04
4.88
4.88
4.88
4.8
4.8
4.8
4.72
4.72
4.72
4.8
4.72
4.72
4.64
4.64
4.64
4.64
4.64
4.64
4.48
4.48
4.48
4.56
4.48
4.48
4.48
4.4
4.4
4.4
4.4
4.32
4.24
4.24
4.24
4.24
4.24
4.24
4.16
4.08
4.16
4.16
4.16
4.08
4.08
4.08
4.08
4
3.92
3.92
3.92
3.92
3.92
3.92
3.92
3.84
3.84
3.76
3.76
3.76
3.76
3.68
3.6
3.68
3.68
3.6
3.6
3.68
3.6
3.6
3.52
3.52
3.52
3.52
3.52
3.44
3.44
3.36
3.36
3.36
3.36
3.28
3.28
3.28
3.28
3.2
3.2
3.2
3.2
3.12
3.2
3.2
3.12
3.12
3.12
3.04
3.12
2.96
2.96
2.96
2.96
2.88
2.96
2.88
2.96
2.88
2.8
2.8
2.8
2.8
2.8
2.8
2.72
2.8
2.64
2.72
2.64
2.64
2.64
2.56
2.48
2.56
2.56
2.48
2.48
2.48
2.4
2.48
2.4
2.4
2.32
2.4
2.4
2.4
2.32
2.24
2.24
2.24
2.16
2.24
2.24
2.16
2.16
2.16
2.08
2.08
2.08
2.08
2
2
1.92
2
1.92
1.92
1.92
1.92
1.92
1.84
1.76
1.84
1.84
1.76
1.84
1.76
1.76
1.68
1.68
1.68
1.6
1.6
1.52
1.6
1.6
1.52
1.52
1.52
1.52
1.44
1.44
1.44
1.44
1.36
1.36
1.36
1.36
1.28
1.28
1.36
1.2
1.28
1.2
1.2
1.2
1.12
1.12
1.12
1.04
1.04
.96
.96
.96
.96
.96
.96
.88
.96
.88
.88
.88
.8
.72
.72
.8
.8
.72
.72
.72
.64
.64
.64
.56
.64
.56
.56
.48
.48
.48
.48
.48
.48
.48
.48
.4
.4
.4
.32
.32
.24
.32
.24
.24
.32
.24
.16
.16
.16
.08
.16
.16
.16
.16
.24
.32
.24
.32
.32
.32
.32
.32
.4
.4
.4
.4
.48
.48
.48
.48
.56
.56
.56
.56
.56
.56
.64
.64
.72
.72
.72
.72
.8
.8
.8
.8
.8
.8
.8
.88
.88
.96
.88
.96
.96
1.04
1.04
1.04
1.12
1.04
1.12
1.12
1.12
1.12
1.2
1.2
1.2
1.2
1.28
1.36
1.36
1.28
1.28
1.36
1.36
1.44
1.44
1.44
1.44
1.52
1.52
1.52
1.52
1.52
1.6
1.6
1.6
1.6
1.68
1.6
1.68
1.68
1.76
1.76
1.84
1.76
1.84
1.84
1.84
1.76
1.92
1.84
2
2
2
2
2
2
2.08
2.08
2.08
2.08
2.08
2.16
2.16
2.16
2.24
2.24
2.24
2.32
2.24
2.24
2.32
2.32
2.32
2.4
2.4
2.48
2.4
2.4
2.48
2.48
2.48
2.56
2.56
2.56
2.64
2.56
2.64
2.64
2.64
2.72
2.72
2.72
2.72
2.8
2.72
2.8
2.8
2.8
2.88
2.96
2.88
2.88
2.96
2.88
3.04
3.04
3.12
3.04
3.04
3.04
3.12
3.12
3.12
3.12
3.12
3.12
3.2
3.2
3.28
3.2
3.36
3.28
3.28
3.28
3.36
3.36
3.36
3.36
3.44
3.52
3.52
3.52
3.52
3.52
3.52
3.6
3.52
3.68
3.6
3.68
3.68
3.68
3.68
3.76
3.76
3.84
3.84
3.84
3.84
3.76
3.92
3.92
3.92
3.92
3.92
4
3.92
4
4
4.08
4
4.08
4.16
4.16
4.16
4.16
4.16
4.16
4.24
4.24
4.24
4.32
4.4
4.24
4.4
4.4
4.4
4.4
4.48
4.48
4.48
4.48
4.56
4.56
4.56
4.56
4.56
4.64
4.64
4.64
4.64
4.72
4.72
4.72
4.72
4.72
4.8
4.8
4.8
4.8
4.88
4.88
4.88
4.88
4.96
4.96
5.04
5.04
5.04
5.04
4.88
4.96
4.96
4.96
4.88
4.96
4.8
4.8
4.88
4.8
4.8
4.72
4.8
4.72
4.72
4.64
4.64
4.64
4.64
4.56
4.56
4.56
4.56
4.48
4.4
4.48
4.4
4.4
4.32
4.4
4.4
4.4
4.32
4.24
4.24
4.24
4.24
4.24
4.24
4.24
4.16
4.16
4.16
4.16
4.08
4.08
4.08
4
4
4
3.92
3.92
3.92
3.92
3.84
3.92
3.92
3.84
3.76
3.84
3.76
3.76
3.76
3.76
3.76
3.68
3.6
3.6
3.6
3.6
3.6
3.52
3.6
3.52
3.52
3.44
3.44
3.44
3.44
3.36
3.44
3.28
3.28
3.28
3.36
3.28
3.28
3.28
3.2
3.2
3.2
3.12
3.2
3.12
3.04
3.12
3.04
3.04
3.04
3.04
3.04
2.96
2.96
2.96
2.88
2.88
2.88
2.8
2.88
2.8
2.8
2.72
2.72
2.72
2.72
2.64
2.64
2.64
2.64
2.56
2.56
2.56
2.56
2.48
2.48
2.56
2.48
2.4
2.4
2.48
2.4
2.32
2.32
2.32
2.32
2.32
2.32
2.32
2.24
2.24
2.16
2.24
2.16
2.16
2.16
2.08
2.08
2.08
2.08
2
2
2
2
2
1.92
1.92
1.92
1.84
1.76
1.84
1.76
1.84
1.76
1.76
1.68
1.76
1.76
1.68
1.68
1.6
1.52
1.6
1.52
1.6
1.52
1.52
1.52
1.52
1.44
1.44
1.52
1.36
1.36
1.36
1.36
1.36
1.36
1.28
1.2
1.28
1.28
1.28
1.2
1.2
1.2
1.04
1.12
1.12
1.04
1.04
1.04
.96
.96
.96
.96
.96
.8
.88
.88
.88
.8
.72
.8
.8
.72
.72
.72
.72
.72
.56
.56
.56
.56
.56
.64
.48
.48
.56
.48
.48
.48
.4
.4
.4
.4
.4
.4
.32
.32
.24
.24
.24
.24
.16
.16
.16
.16
.08
.16
.16
.16
.24
.24
.24
.32
.24
.32
.32
.32
.32
.4
.4
.4
.4
.48
.4
.48
.48
.56
.48
.56
.56
.56
.64
.64
.64
.64
.72
.64
.72
.8
.8
.72
.8
.8
.88
.88
.88
.88
.88
.96
.96
1.04
1.04
1.04
1.04
1.04
1.12
1.12
1.2
1.12
1.2
1.12
1.2
1.28
1.2
1.28
1.28
1.36
1.28
1.36
1.36
1.36
1.44
1.36
1.44
1.44
1.52
1.52
1.44
1.52
1.6
1.52
1.6
1.6
1.68
1.68
1.68
1.76
1.68
1.76
1.76
1.76
1.84
1.76
1.84
1.84
1.84
1.92
1.92
1.92
1.92
1.92
2
1.92
2
2.08
2.08
2.08
2.08
2.08
2.16
2.16
2.16
2.16
2.24
2.24
2.24
2.32
2.32
2.32
2.32
2.32
2.4
2.4
2.32
2.48
2.48
2.48
2.48
2.48
2.56
2.56
2.56
2.56
2.64
2.64
2.64
2.72
2.64
2.72
2.72
2.72
2.72
2.8
2.8
2.8
2.8
2.88
2.88
2.88
2.88
2.96
2.96
2.96
3.04
3.04
3.04
3.04
3.12
3.04
3.12
3.2
3.12
3.2
3.2
3.28
3.2
3.28
3.28
3.36
3.28
3.28
3.36
3.36
3.44
3.44
3.44
3.44
3.52
3.44
3.44
3.52
3.52
3.6
3.6
3.6
3.68
3.68
3.76
3.68
3.76
3.76
3.76
3.76
3.76
3.84
3.84
3.84
3.92
3.92
3.92
3.92
3.92
4
4
4
4
4.08
4.08
4.08
4.16
4.16
4.16
4.16
4.16
4.24
4.24
4.24
4.24
4.32
4.32
4.24
4.4
4.4
4.4
4.4
4.4
4.4
4.48
4.4
4.48
4.48
4.48
4.56
4.64
4.56
4.64
4.64
4.72
4.64
4.72
4.72
4.8
4.72
4.72
4.8
4.8
4.8
4.88
4.88
4.96
4.88
4.88
5.04
4.96
5.04
5.04
5.04
4.96
4.96
4.96
4.96
4.88
4.88
4.8
4.88
4.8
4.72
4.72
4.72
4.72
4.72
4.64
4.72
4.64
4.64
4.56
4.56
4.56
4.56
4.48
4.48
4.48
4.48
4.48
4.48
4.48
4.4
4.48
4.4
4.32
4.32
4.32
4.24
4.32
4.24
4.24
4.16
4.16
4.08
4.08
4.08
4.16
4.08
4.08
4.08
4
4
4
4
3.92
3.92
3.92
3.84
3.84
3.84
3.84
3.84
3.76
3.76
3.76
3.68
3.76
3.68
3.6
3.6
3.6
3.6
3.6
3.52
3.52
3.52
3.44
3.52
3.44
3.44
3.44
3.44
3.44
3.36
3.28
3.36
3.28
3.36
3.28
3.28
3.2
3.28
3.2
3.2
3.12
3.12
3.12
3.12
3.12
3.12
3.04
2.96
3.04
3.04
2.96
2.96
2.96
2.88
2.88
2.88
2.88
2.88
2.72
2.8
2.72
2.8
2.72
2.72
2.64
2.64
2.72
2.64
2.56
2.64
2.64
2.56
2.56
2.56
2.48
2.48
2.48
2.4
2.48
2.4
2.4
2.32
2.32
2.32
2.32
2.32
2.32
2.24
2.24
2.24
2.16
2.16
2.16
2.16
2.08
2.08
2.08
2
1.92
2
2
1.92
1.92
1.92
1.84
1.84
1.84
1.76
1.84
1.84
1.76
1.84
1.76
1.76
1.76
1.68
1.68
1.68
1.68
1.6
1.52
1.6
1.6
1.52
1.52
1.52
1.44
1.44
1.52
1.52
1.36
1.36
1.36
1.44
1.28
1.36
1.36
1.28
1.28
1.2
1.2
1.12
1.12
1.12
1.12
1.12
1.04
1.04
1.04
1.04
.96
.96
1.04
.88
.96
.88
.88
.88
.8
.8
.8
.8
.72
.72
.72
.64
.64
.72
.64
.64
.56
.56
.56
.56
.56
.56
.48
.48
.48
.48
.4
.4
.4
.4
.4
.4
.32
.32
.32
.24
.24
.24
.24
.16
.16
.16
.16
.16
.16
.16
.24
.24
.24
.24
.32
.32
.32
.32
.4
.4
.48
.4
.48
.4
.48
.4
.48
.48
.56
.56
.64
.56
.72
.56
.64
.72
.72
.72
.72
.72
.72
.8
.8
.88
.88
.88
.88
.88
.88
.88
.96
.96
1.04
1.04
1.12
1.04
1.12
1.04
1.12
1.12
1.2
1.2
1.2
1.2
1.28
1.28
1.28
1.36
1.36
1.36
1.36
1.36
1.44
1.44
1.44
1.44
1.52
1.52
1.52
1.52
1.6
1.52
1.52
1.6
1.6
1.6
1.68
1.68
1.68
1.76
1.84
1.76
1.76
1.84
1.84
1.84
1.84
1.92
1.92
1.92
1.92
2
2
2
2
2
2.08
2.08
2.16
2.16
2.16
2.16
2.16
2.24
2.24
2.16
2.24
2.32
2.32
2.32
2.32
2.4
2.4
2.4
2.4
2.4
2.4
2.48
2.48
2.48
2.56
2.56
2.56
2.56
2.56
2.64
2.64
2.64
2.72
2.72
2.72
2.72
2.72
2.8
2.8
2.8
2.8
2.88
2.88
2.88
2.88
2.96
2.96
2.96
2.96
3.04
3.04
3.12
3.04
3.04
3.12
3.12
3.12
3.2
3.2
3.2
3.28
3.28
3.2
3.28
3.28
3.36
3.36
3.36
3.44
3.44
3.44
3.36
3.44
3.44
3.44
3.44
3.52
3.6
3.6
3.68
3.6
3.6
3.68
3.76
3.68
3.68
3.68
3.76
3.76
3.76
3.84
3.76
3.84
3.84
3.84
3.92
4
4
4
4
4
4
4
4.08
4.08
4.08
4.08
4.16
4.16
4.24
4.24
4.24
4.24
4.24
4.24
4.32
4.4
4.32
4.4
4.4
4.48
4.48
4.48
4.48
4.48
4.56
4.48
4.56
4.64
4.64
4.56
4.56
4.64
4.64
4.72
4.72
4.72
4.72
4.8
4.72
4.8
4.88
4.8
4.88
4.88
4.88
4.96
4.96
4.96
5.04
4.96
5.04
4.96
4.96
4.88
4.96
4.88
4.88
4.88
4.8
4.8
4.8
4.72
4.8
4.72
4.8
4.72
4.56
4.64
4.64
4.64
4.56
4.56
4.56
4.56
4.48
4.48
4.48
4.48
4.4
4.4
4.4
4.4
4.4
4.32
4.32
4.24
4.32
4.24
4.16
4.16
4.16
4.16
4.16
4.08
4.16
4.08
4.08
4.08
4.08
4
4
3.92
3.92
4
3.92
3.92
3.84
3.92
3.76
3.84
3.84
3.84
3.76
3.76
3.68
3.76
3.68
3.68
3.6
3.6
3.68
3.52
3.6
3.6
3.6
3.52
3.44
